%YAML:1.0
minx: 95
maxx: 128
miny: 60
maxy: 81
