%YAML:1.0
minx: 0
maxx: 1200
miny: 0
maxy: 700
